18,7
18,6
18,5
18,4
18,3
18,2
18,1
18,0
17,7
17,6
17,5
17,4
17,3
17,2
17,1
17,0
16,7
16,6
16,5
16,4
16,3
16,2
16,1
16,0
15,7
15,6
15,5
15,4
15,3
15,2
15,1
15,0
14,7
14,6
14,5
14,4
14,3
14,2
14,1
14,0
13,7
13,6
13,5
13,4
13,3
13,2
13,1
13,0
12,7
12,6
12,5
12,4
12,3
12,2
12,1
12,0
11,7
11,6
11,5
11,4
11,3
11,2
11,1
11,0
10,7
10,6
10,5
4294967278,391
4294967278,390
4294967278,389
4294967278,388
4294967278,387
4294967279,455
4294967279,454
4294967279,453
4294967278,386
4294967279,452
4294967278,385
4294967278,384
4294967278,243
4294967278,229
4294967279,451
4294967279,450
4294967278,221
4294967279,449
4294967278,219
4294967279,448
10,4
10,3
10,2
10,1
10,0
4294967278,511
4294967278,510
4294967279,272
4294967278,509
9,7
4294967278,508
4294967279,218
4294967278,507
4294967278,506
4294967279,201
4294967279,156
4294967279,143
4294967279,575
4294967279,574
4294967278,505
4294967279,573
4294967279,572
4294967278,504
4294967279,571
4294967278,503
4294967279,570
4294967279,569
4294967278,502
4294967279,568
4294967278,501
9,6
9,5
4294967278,500
4294967279,567
4294967278,499
4294967278,498
4294967279,566
4294967279,565
4294967279,564
4294967278,497
4294967279,563
4294967278,496
4294967278,495
4294967279,562
4294967279,561
4294967278,494
4294967279,560
4294967278,493
4294967279,559
4294967278,492
4294967278,491
4294967279,558
4294967278,490
4294967279,557
4294967278,489
4294967278,488
4294967279,556
4294967279,555
4294967279,554
4294967279,553
4294967279,552
4294967278,487
4294967278,486
4294967278,485
4294967278,484
4294967279,551
4294967278,483
4294967279,550
4294967279,549
4294967279,548
4294967278,482
4294967279,547
4294967278,481
4294967279,546
4294967279,545
4294967279,544
4294967278,480
9,4
9,3
9,2
9,1
9,0
4294967278,479
4294967278,478
4294967279,543
4294967279,542
4294967293,131
4294967293,130
4294967293,129
4294967293,128
4294967293,127
4294967293,126
4294967293,125
4294967293,124
4294967293,123
4294967293,122
4294967293,121
4294967293,120
4294967293,119
4294967293,118
4294967293,117
4294967293,116
4294967293,115
4294967293,114
4294967293,113
4294967293,112
4294967293,111
4294967293,110
4294967293,109
4294967293,108
4294967293,107
4294967293,106
4294967293,105
4294967293,104
4294967293,103
4294967293,102
4294967293,101
4294967293,100
4294967293,99
4294967293,98
4294967293,97
4294967293,96
4294967293,95
4294967293,94
4294967293,93
4294967293,92
4294967293,91
4294967293,90
4294967293,89
4294967293,88
4294967293,87
4294967293,86
4294967293,85
4294967293,84
4294967293,83
4294967293,82
4294967293,81
4294967293,80
4294967293,79
4294967293,78
4294967293,77
4294967293,76
4294967293,75
4294967293,74
4294967293,73
4294967293,72
4294967293,71
4294967293,70
4294967293,69
4294967293,68
4294967293,67
4294967293,66
4294967293,65
4294967293,64
4294967293,63
4294967293,62
4294967293,61
4294967293,60
4294967293,59
4294967293,58
4294967293,57
4294967293,56
4294967293,55
4294967293,54
4294967293,53
4294967293,52
4294967293,51
4294967293,50
4294967293,49
4294967293,48
4294967293,47
4294967293,46
4294967293,45
4294967293,44
4294967293,43
4294967293,42
4294967293,41
4294967293,40
4294967293,39
4294967293,38
4294967293,37
4294967293,36
4294967293,35
4294967293,34
4294967293,33
4294967293,32
4294967293,31
4294967293,30
4294967293,29
4294967293,28
4294967293,27
4294967293,26
4294967293,25
4294967293,24
4294967293,23
4294967293,22
4294967293,21
4294967293,20
4294967293,19
4294967293,18
4294967293,17
4294967293,16
4294967293,15
4294967293,14
4294967293,13
4294967293,12
4294967293,11
4294967293,10
4294967293,9
4294967293,8
4294967293,7
4294967293,6
4294967293,5
4294967293,4
4294967293,3
4294967293,2
4294501266,0
4294501265,0
4294501264,0
4294501263,0
4294501262,0
4294501261,0
4294501260,0
4294501259,0
4294501258,0
4294501257,0
4294967293,0
4294967278,67
4294967278,462
4294967278,180
4294967278,66
4294967278,300
4294967278,179
4294967278,65
4294967278,178
4294967278,64
4294967278,299
